39.9561702
-82.9998764
39.9561111
-82.9998112
39.9561122
-82.9995704
39.9561573
-82.9993301
39.9561928
-82.9990715
39.9562419
-82.9987832
39.9562829
-82.9984814
39.9563392
-82.9981593
39.9563727
-82.9978396
39.9563991
-82.997519
39.9564275
-82.9972279
39.9564354
-82.9969863
39.9564346
-82.9969919
39.9564564
-82.9968769
39.9564862
-82.9965947
39.956525
-82.9963174
39.9565596
-82.9959997
39.9565945
-82.9956624
39.9566242
-82.9954298
39.9566829
-82.9951295
39.9567108
-82.995046
39.9568789
-82.9949651
39.9571094
-82.9950318
39.9573572
-82.9951259
39.9575376
-82.995206
39.9577512
-82.9952447
39.9578639
-82.9952895
39.9579265
-82.9953288
39.9581659
-82.9953924
39.9583923
-82.9954532
39.9586315
-82.9955104
39.9588612
-82.9955586
39.9590695
-82.995596
39.9592731
-82.9956432
39.9593178
-82.9956754
39.9593291
-82.9958663
39.959304
-82.9961022
39.9592699
-82.9963944
39.9592342
-82.9966986
39.9591904
-82.9970229
39.9591332
-82.9973374
39.9591109
-82.9975997
39.9591031
-82.9977358
39.9590319
-82.997955
39.9590227
-82.9982563
39.9589963
-82.9984979
39.9589702
-82.9987641
39.958946
-82.9990404
39.958909
-82.9993216
39.9588784
-82.9996045
39.958876
-82.9997231
39.9589048
-82.9997782
39.9589039
-82.9998298
39.9589122
-82.9998463
39.9589022
-82.9999015
39.9588839
-82.9999558
39.9588459
-83.000142
39.9588008
-83.0004319
39.9587591
-83.0007301
39.9587684
-83.0010224
39.9587491
-83.0012848
39.9586891
-83.0015164
39.9586703
-83.0015455
39.9586283
-83.0015784
39.9584427
-83.0017268
39.9582972
-83.0017064
39.958061
-83.0016753
39.9578362
-83.0016379
39.957645
-83.0016094
39.9574513
-83.0015814
39.957425
-83.0015667
39.9573191
-83.0015196
39.9571183
-83.0014828
39.956887
-83.0014288
39.9566515
-83.0013719
39.9564134
-83.0013228
39.9561918
-83.0012887
39.9560358
-83.0012318
39.9559177
-83.0009947
39.9559899
-83.0007031
39.9560371
-83.0004096
39.9560671
-83.0001264
39.9560966
-82.999845
39.9561158
-82.9996864
39.9561384
-82.9996159
39.9561816
-82.9993825
39.9562322
-82.9990982
39.9562728
-82.9987793
39.9563121
-82.9984607
39.9563446
-82.9981656
39.9563704
-82.9978842
39.9563982
-82.9976232
39.9564297
-82.9973762
39.9564438
-82.9971539
39.9564549
-82.9970826
39.9564913
-82.9967669
39.9565204
-82.9965064
39.9565551
-82.9962356
39.9565902
-82.9959414
39.9566257
-82.9956557
39.9566547
-82.9953843
39.956723
-82.9951531
39.9569508
-82.9951161
39.9570238
-82.9951177
39.9572535
-82.9951722
39.9574883
-82.9952531
39.957683
-82.9952932
39.9577962
-82.9953137
39.9579549
-82.9953861
39.9581475
-82.9954375
39.9583734
-82.9954849
39.9586112
-82.9955317
39.958843
-82.9955743
39.9590776
-82.9956031
39.9593215
-82.9956463
39.9595023
-82.9956745
39.9596893
-82.9957097
39.9598791
-82.9957682
39.9601324
-82.9958341
39.9604012
-82.9958774
39.960583
-82.9959094
39.9608383
-82.9959574
39.9610864
-82.9960048
39.9612655
-82.9960427
39.9614523
-82.9960893
39.9617133
-82.9961346
39.9619745
-82.9961839
39.9622024
-82.9962658
39.962434
-82.9963289
39.9626666
-82.9963671
39.9628248
-82.9964951
39.9629069
-82.9966593
39.9629470
-82.9968933
39.9629254
-82.9972166
39.9629039
-82.9973583
39.9628438
-82.9975557
39.9627753
-82.9976539
39.9626855
-82.9978039
39.9625351
-82.9979179
39.9623459
-82.9979185
39.9622755
-82.9979132
39.9620559
-82.997867
39.9618016
-82.9978424
39.9615548
-82.9978128
39.9612913
-82.9977734
39.9610341
-82.997726
39.960798
-82.9977033
39.960622
-82.9976885
39.9604821
-82.9978593
39.9604737
-82.9980311
39.9604381
-82.9983049
39.9603892
-82.9985719
39.9603547
-82.9988418
39.9603404
-82.9991138
39.9602932
-82.9993824
39.9602077
-82.9996295
39.960163
-82.9998977
39.9601376
-82.9999635
39.9601421
-83.0000564
39.9603417
-83.0001701
39.9604097
-83.0001986
39.9605401
-83.0002752
39.9606934
-83.0003335
39.9609044
-83.0004074
39.9611222
-83.0004913
39.9613814
-83.0005494
39.9616164
-83.0006102
39.9617832
-83.0006486
39.961987
-83.0007249
39.9620532
-83.0007096
39.9621497
-83.0005872
39.9620935
-83.0005851
39.9618542
-83.0005317
39.9616487
-83.0004793
39.9614588
-83.0004755
39.9612478
-83.0004585
39.961053
-83.0004035
39.9609156
-83.0003496
39.9607207
-83.0002779
39.9605225
-83.0002375
39.9603215
-83.00015
39.9601666
-83.0000963
39.9601561
-82.9998388
39.9602113
-82.9995832
39.9602327
-82.9994947
39.9602734
-82.999203
39.9603008
-82.9988927
39.960336
-82.9985946
39.9603735
-82.9982873
39.9604017
-82.9979914
39.9604924
-82.9977633
39.9607083
-82.9977795
39.9609193
-82.9978131
39.9611468
-82.9978295
39.9613496
-82.9978968
39.9615447
-82.9979472
39.9616084
-82.9979526
39.9618029
-82.997964
39.9620392
-82.9980164
39.9622286
-82.998059
39.9623578
-82.9980935
39.9624562
-82.9981344
39.962524
-82.997847
39.9625891
-82.9975436
39.9626545
-82.9972104
39.9626696
-82.9968698
39.962665
-82.9966327
39.9626314
-82.9964495
39.9624998
-82.9963246
39.9623977
-82.9962714
39.9621896
-82.996207
39.9619889
-82.9961846
39.961924
-82.9961564
39.9617425
-82.9961135
39.961529
-82.9961105
39.9612865
-82.9960653
39.9611021
-82.996025
39.9608862
-82.9959851
39.9607019
-82.9959455
39.9606743
-82.9959638
39.9605939
-82.9960298
39.9606085
-82.9960477
39.9606335
-82.9959689
39.9608771
-82.99593
39.9611417
-82.9959814
39.9613889
-82.9960282
39.9616528
-82.9960723
39.9619106
-82.9961131
39.9621414
-82.9961847
39.9623547
-82.9962477
39.9625094
-82.9962388
39.9625252
-82.9962468
39.9625868
-82.9962162
39.9627707
-82.9962931
39.9630166
-82.9963422
39.9632535
-82.9964301
39.9634293
-82.9964831
39.96365
-82.9965349
39.9638577
-82.9965733
39.9640686
-82.9966212
39.9642766
-82.9966774
39.9644822
-82.9967244
39.9646947
-82.9967764
39.9649551
-82.9967982
39.9651379
-82.9968504
39.9651861
-82.9969114
39.9652384
-82.9971471
39.9652286
-82.9972843
39.9651918
-82.9975643
39.965203
-82.9978526
39.96519
-82.9981101
39.9651666
-82.9983437
39.965146
-82.9985835
39.9651243
-82.9988321
39.9650934
-82.9991046
39.9650638
-82.9993579
39.9650281
-82.9996323
39.9649993
-82.9998912
39.9649687
-83.0001318
39.9649544
-83.0001978
39.9649511
-83.000349
39.9649104
-83.0006016
39.9648742
-83.0008601
39.9649029
-83.0009969
39.9648837
-83.0011274
39.9648536
-83.0012657
39.9647899
-83.0015311
39.9647676
-83.0017423
39.9647536
-83.002022
39.9647007
-83.0022655
39.964665
-83.002516
39.9646299
-83.0028231
39.9646215
-83.0030731
39.9646026
-83.0031368
39.9647182
-83.0030011
39.9647815
-83.0027093
39.9648185
-83.0024376
39.9648536
-83.0021541
39.9648914
-83.0018664
39.9649253
-83.0015702
39.9649607
-83.0012414
39.964997
-83.0009208
39.9650503
-83.0006303
39.9650934
-83.0003949
39.9651173
-83.0001564
39.9651224
-82.9998948
39.9651334
-82.9996459
39.965161
-82.999313
39.9651893
-82.9989864
39.9652151
-82.9986588
39.9652242
-82.9983303
39.9652438
-82.9980005
39.9652794
-82.9976728
39.9653114
-82.9973632
39.9653481
-82.9970885
39.9653539
-82.9969009
39.9651615
-82.9968424
39.9649406
-82.9968019
39.9647818
-82.9967787
39.9646844
-82.9967515
39.9646223
-82.9967361
39.9644283
-82.996712
39.9642356
-82.9966805
39.9641523
-82.9966503
39.9641352
-82.9969274
39.9641286
-82.997008
39.964047
-82.9972414
39.9639987
-82.9974939
39.9639377
-82.997778
39.9638985
-82.9980188
39.9639198
-82.9980402
39.9639718
-82.9981726
39.963968
-82.9982365
39.9639274
-82.9985089
39.9638782
-82.9988332
39.9638405
-82.9991583
39.9638124
-82.9994698
39.9637727
-82.9997771
39.9637352
-83.0000699
39.9636628
-83.0003335
39.9636259
-83.000587
39.9635995
-83.0006298
39.963575
-83.0007598
39.9635528
-83.001078
39.9635164
-83.0013721
39.9634694
-83.001682
39.9634331
-83.0019894
39.963415
-83.0022657
39.9633967
-83.0024478
39.9634254
-83.0022592
39.9634547
-83.0020085
39.9634893
-83.0017088
39.96351
-83.0014347
39.9635387
-83.0011551
39.9635249
-83.0011037
39.9635161
-83.0009919
39.963579
-83.000759
39.9635886
-83.0006923
39.9636329
-83.0004613
39.9636725
-83.0001718
39.9637334
-82.9998463
39.9637833
-82.999536
39.9638264
-82.9992367
39.9638592
-82.9989292
39.9638662
-82.9986563
39.9638769
-82.9984175
39.9639308
-82.998408
39.9639682
-82.9983293
39.9639866
-82.9982794
39.9640148
-82.9979642
39.9640379
-82.9976523
39.9640481
-82.9973179
39.9641076
-82.9970102
39.9641669
-82.9967154
39.9642439
-82.9965023
39.9643089
-82.9964094
39.964521
-82.9963484
39.9647425
-82.9963932
39.9649369
-82.9964666
39.9650966
-82.9966344
39.9653038
-82.9967883
39.9655345
-82.9968332
39.965725
-82.9968624
39.9659368
-82.9968948
39.9661515
-82.9969356
39.966376
-82.9969797
39.9666071
-82.9970258
39.9668321
-82.9970712
39.9670509
-82.9971338
39.9672545
-82.9971795
39.9674385
-82.997224
39.9676179
-82.9972828
39.967783040236952
-82.997282286814198
39.967893888823191
-82.997380818890861
39.967836411778478
-82.997415715667998
39.967768670975779
-82.997366449629681
39.967561343064482
-82.997341816610515
39.967360173407982
-82.9972802340626
39.967179531267448
-82.997243284533852
39.966980414362546
-82.99720428225352
39.966892146043875
-82.997220704266297
39.9668142
-82.9974179
39.9667953
-82.9976516
39.9667769
-82.9978864
39.9667239
-82.9981451
39.9666832
-82.9983776
39.9666621
-82.9985063
39.9666433
-82.9985795
39.9666215
-82.9988166
39.9666066
-82.9991331
39.9665665
-82.9994671
39.9665273
-82.9997859
39.9664932
-83.0001089
39.9664594
-83.0004351
39.9664299
-83.0007347
39.9664159
-83.0010231
39.966374082859552
-83.001231845035036
39.9665209
-83.001793
39.966512643592345
-83.001967756482543
39.966518801847137
-83.002217165801582
39.9664028
-83.0025226
39.9664015
-83.0027801
39.9663553
-83.0029292
39.9665304
-83.0029893
39.9665796
-83.003011
39.9666868
-83.0030508
39.9668984
-83.0031513
39.9671241
-83.0032201
39.9673079
-83.0032542
39.9673049
-83.0032872
39.967096
-83.0032392
39.9669026
-83.0032704
39.9667488
-83.003331
39.966496
-83.0032814
39.9662785
-83.0032707
39.966192414343219
-83.003285623007855
39.96614622743229
-83.003202486568171
39.9661397
-83.0030667
39.9661656
-83.0028125
39.9662097
-83.002569
39.9662913
-83.0022845
39.9663542
-83.0020156
39.9663891
-83.0017433
39.9663639
-83.0017019
39.9663277
-83.0016605
39.966329
-83.0014697
39.9663542
-83.0012362
39.9663736
-83.0009843
39.9664097
-83.0007075
39.9664408
-83.0004486
39.9664491
-83.0001582
39.966479
-82.9998842
39.9665143
-82.9996304
39.9665358
-82.9993811
39.9665425
-82.9991305
39.9665646
-82.9988554
39.9665898
-82.9985524
39.9666229
-82.9983067
39.9666627
-82.9980065
39.9667091
-82.9977257
39.9667221
-82.9974425
39.9667368
-82.9971701
39.9667298
-82.9971169
39.966748966619988
-82.997034288761881
39.966705858836448
-82.997001444736341
39.966636321876102
-82.997050839071619
39.96666865271375
-82.997063925363051
39.9667461
-82.9970849
39.9669422
-82.9971424
39.967165
-82.9971891
39.9673998
-82.9972392
39.9676294
-82.9972853
39.96787
-82.9973275
39.9681266
-82.997375
39.9683733
-82.9974169
39.9685972
-82.9974506
39.9688312
-82.9974777
39.9690551
-82.9975262
39.9691216
-82.9975568
39.9691807
-82.9977783
39.9691464
-82.9979563
39.969122
-82.9982491
39.9691227
-82.9985497
39.9691385
-82.9988508
39.9691848
-82.9992039
39.9692157
-82.99945
39.9692358
-82.999689
39.9692497
-83.0000328
39.9692482
-83.0003526
39.9692409
-83.0006595
39.9692068
-83.0009564
39.9691655
-83.0012208
39.9691363
-83.0014932
39.9691044
-83.0017302
39.9691155
-83.0018355
39.9691136
-83.0021087
39.9691037
-83.0021925
39.9690562
-83.0024838
39.9690006
-83.0028218
39.9689413
-83.0031286
39.9689036
-83.0033792
39.9688918
-83.0035167
39.9689302
-83.0036155
39.9691017
-83.003706
39.9692313
-83.003733
39.9694431
-83.0037812
39.9696921
-83.0038376
39.9698855
-83.003913
39.9698123
-83.0040712
39.9696231
-83.0041037
39.9695009
-83.0040973
39.9693655
-83.0040479
39.9691484
-83.0039064
39.9689499
-83.0038398
39.9688241
-83.0040973
39.9688146
-83.0041953
39.9687687
-83.0044014
39.9687023
-83.0047156
39.9686684
-83.0050275
39.9686367
-83.0052593
39.9686695
-83.0051301
39.9686862
-83.0050604
39.9687086
-83.0047926
39.9687289
-83.0044947
39.96875
-83.0041933
39.9687825
-83.0039145
39.9687593
-83.0038646
39.9685708
-83.0037866
39.9683451
-83.0037097
39.9681046
-83.0036661
39.9679482
-83.0035853
39.968044
-83.0035934
39.9682285
-83.0036557
39.9684412
-83.0037114
39.9686448
-83.0037176
39.9687861
-83.0035098
39.9688428
-83.003214
39.9688541
-83.0031341
39.9688678
-83.0030545
39.9689126
-83.0027909
39.9689655
-83.0025235
39.9689966
-83.0022878
39.9689692
-83.0021848
39.9689813
-83.0021061
39.9690206
-83.0020512
39.9692223
-83.0019602
39.9694258
-83.0020203
39.9696082
-83.0020887
39.969804
-83.0021427
39.9700554
-83.0022014
39.9702588
-83.0022001
39.9705034
-83.0022263
39.9707284
-83.0022825
39.9709684
-83.0023532
39.9711876
-83.0024027
39.9713789
-83.0023744
39.9714188
-83.0023696
39.971493
-83.0023952
39.9715379
-83.0024261
39.9715495
-83.0025516
39.9714867
-83.0027385
39.9714613
-83.0028625
39.9714324
-83.0031202
39.971368
-83.0033989
39.9713222
-83.0036722
39.9713208
-83.0039133
39.9713587
-83.0041622
39.9714778
-83.004409
39.9714975
-83.0044437
39.9713497
-83.0043844
39.9711061
-83.0043731
39.9709013
-83.0043846
39.9708136
-83.0043266
39.9709935
-83.0044048
39.9711723
-83.0044769
39.9713829
-83.0045847
39.9716192
-83.0046443
39.9718679
-83.0046433
39.9721198
-83.0046362
39.9723058
-83.0046432
39.9725316
-83.004624
39.9727107
-83.0046131
39.9725831
-83.004657
39.9725136
-83.004654
39.972324
-83.0046788
39.9721127
-83.0046852
39.9718873
-83.0046973
39.9716614
-83.0047034
39.9715743
-83.0047249
39.9715383
-83.00494
39.9715453
-83.0052023
39.9715388
-83.0054782
39.9715427
-83.0057781
39.9715627
-83.0060386
39.9715711
-83.0063252
39.9715665
-83.0066137
39.9715739
-83.0068907
39.9715869
-83.0069547
39.9717808
-83.006992
39.9718345
-83.0069839
39.9720187
-83.0069558
39.9722417
-83.0069618
39.9724251
-83.0069676
39.9724874
-83.0069561
39.9723072
-83.0069039
39.9720933
-83.0069514
39.9719418
-83.0069474
39.9717457
-83.0069595
39.9716448
-83.0069719
39.9716033
-83.0069595
39.971575
-83.0066958
39.9715631
-83.0064338
39.9715358
-83.0061551
39.9715134
-83.0058713
39.9715012
-83.005606
39.9714992
-83.0053649
39.9715125
-83.0051138
39.9715247
-83.0048721
39.9715304
-83.0046255
39.971519
-83.0043804
39.9714974
-83.0041122
39.9714934
-83.003875
39.9714713
-83.0036391
39.9714999
-83.0035162
39.9715059
-83.0032699
39.9715274
-83.0030362
39.9715606
-83.0027649
39.971558
-83.0025747
39.9716101
-83.0023906
39.9716802
-83.0024094
39.9717276
-83.0024086
39.9719528
-83.0024614
39.9721461
-83.0024834
39.9721998
-83.0025046
39.9722275
-83.0025517
39.9722905
-83.0025814
39.9725149
-83.0026219
39.9727022
-83.0026624
39.9729025
-83.0026764
39.973121
-83.0027364
39.9733326
-83.0027889
39.9735284
-83.0028291
39.9737043
-83.0028591
39.9737608
-83.0029995
39.9737375
-83.0032383
39.9737119
-83.0035112
39.9736877
-83.0037944
39.9736562
-83.0040999
39.9736444
-83.0044272
39.9736448
-83.0047355
39.9736615
-83.0050308
39.9736749
-83.0052919
39.973683
-83.0055476
39.9736928
-83.0058239
39.9737046
-83.0061141
39.9737182
-83.0064131
39.9737311
-83.0067182
39.9737445
-83.0070194
39.9737588
-83.0073082
39.9737696
-83.007609
39.9737841
-83.0078867
39.9737832
-83.0081618
39.9737904
-83.0084601
39.9738027
-83.0087621
39.9738276
-83.0090428
39.9738605
-83.0093101
39.9738721
-83.0095746
39.9738853
-83.009858
39.9738909
-83.0101289
39.9738985
-83.0102879
39.9740774
-83.0104483
39.974146
-83.0104586
39.9743622
-83.0105001
39.9745804
-83.0105414
39.9748188
-83.0105806
39.9750524
-83.0106381
39.9752298
-83.0106992
39.975222
-83.0107356
39.9749945
-83.0106824
39.9747587
-83.0106337
39.9745156
-83.0105858
39.9743076
-83.0105515
39.9741103
-83.0105149
39.9739854
-83.0104576
39.9739287
-83.0102356
39.9739212
-83.0099732
39.9739011
-83.0097051
39.9739002
-83.0094161
39.9739125
-83.0093498
39.9738873
-83.0091172
39.9738726
-83.008909
39.9738891
-83.0086495
39.9738931
-83.0083549
39.9738928
-83.0081129
39.9738616
-83.0078237
39.9738424
-83.0075669
39.973833
-83.0073254
39.9738106
-83.0070749
39.973797
-83.0068348
39.9737811
-83.0065262
39.9737666
-83.0062833
39.9737661
-83.0059972
39.9737507
-83.0057175
39.9737281
-83.0054157
39.9737164
-83.0051298
39.9737107
-83.0049369
39.9736521
-83.0047115
39.9735294
-83.0042888
39.9736017
-83.0040041
39.9736161
-83.0038993
39.9736643
-83.0035888
39.9737131
-83.0033019
39.9737611
-83.0030764
39.9737559
-83.0030654
39.9737178
-83.002963
39.9735246
-83.0028826
39.9734762
-83.0028783
39.973266
-83.0028366
39.9730592
-83.0028039
39.9728722
-83.0027817
39.9728488
-83.0027634
39.9728955
-83.0026305
39.9731214
-83.0026614
39.9732351
-83.0026891
39.9734655
-83.002741
39.9736759
-83.0027844
39.9737394
-83.002791
39.973882
-83.0026442
39.9739299
-83.0024431
39.9739593
-83.0022117
39.9739851
-83.0019775
39.9740287
-83.0016553
39.9740625
-83.0013176
39.9741101
-83.0009798
39.9741528
-83.0006576
39.9741956
-83.0003525
39.9742497
-83.0000686
39.9742997
-82.9997934
39.9743326
-82.999507
39.9743436
-82.9992129
39.9743129
-82.9989848
39.9743002
-82.9987571
39.9743109
-82.9985052
39.974314
-82.9983754
39.9744662
-82.9982131
39.97453
-82.9982055
39.9747501
-82.9981851
39.9749877
-82.9981732
39.9750544
-82.9981585
39.9752161
-82.9981175
39.9752329
-82.9981178
39.9751864
-82.9981125
39.9749636
-82.9981125
39.9747734
-82.99812
39.9745781
-82.9981316
39.9743617
-82.9981295
39.9743252
-82.9981135
39.9742906
-82.9980478
39.9743357
-82.9981313
39.974518
-82.998122
39.9747092
-82.9981125
39.9749166
-82.9981226
39.975136
-82.9981274
39.9753619
-82.9981181
39.975596
-82.9980917
39.9758205
-82.998071
39.9760841
-82.9980438
39.9762669
-82.998051
39.9764634
-82.9980928
39.976553
-82.9981057
39.9768154
-82.9980805
39.9770657
-82.9980502
39.9773371
-82.998036
39.9776011
-82.9980129
39.9778525
-82.9980004
39.9781196
-82.9979786
39.9783847
-82.9979641
39.9786508
-82.9980018
39.9788325
-82.9980312
39.9790997
-82.9980818
39.9793629
-82.9981307
39.9796106
-82.9981869
39.979838
-82.9982356
39.9800648
-82.9982673
39.9802981
-82.9983054
39.9805084
-82.9983423
39.9805545
-82.9983672
39.980569
-82.9983951
39.9806338
-82.9984783
39.980646
-82.9985319
39.9806673
-82.9988239
39.9806847
-82.9991241
39.9806942
-82.9994353
39.9807114
-82.9997189
39.9807335
-82.9999744
39.9807495
-83.0002182
39.9807621
-83.000454
39.9807728
-83.0006981
39.9807777
-83.0010162
39.9807865
-83.001326
39.9807975
-83.0016558
39.9808114
-83.0020045
39.9808148
-83.0022415
39.9808218
-83.0025801
39.9808391
-83.0028902
39.9808597
-83.0031896
39.9808779
-83.0034736
39.9808968
-83.0037372
39.9809154
-83.0039817
39.9809678
-83.0040712
39.9809451
-83.0041586
39.9808395
-83.0043435
39.9808461
-83.0043816
39.9807144
-83.0044321
39.9806726
-83.0046858
39.9806674
-83.0049606
39.9806431
-83.0051952
39.9806606
-83.0054906
39.9806928
-83.0055996
39.9807461
-83.0058453
39.9807471
-83.0059074
39.9807316
-83.0061537
39.9807476
-83.0063899
39.980772
-83.0066544
39.9807849
-83.0069303
39.9807971
-83.0071823
39.9808146
-83.0074371
39.9808552
-83.0076824
39.9808565
-83.0077022
39.980685
-83.0078151
39.9807031
-83.0080848
39.9807057
-83.0082931
39.9807209
-83.0085617
39.9807358
-83.0088081
39.980737
-83.0088681
39.9807487
-83.0091239
39.9807786
-83.0093988
39.9807958
-83.0096391
39.9808079
-83.0098289
39.9808854
-83.0100515
39.9808968
-83.0102624
39.9809069
-83.0105507
39.9808927
-83.0108045
39.9807224
-83.01093
39.9806278
-83.0109726
39.9805204
-83.0109907
39.9804517
-83.0112192
39.9804555
-83.0112874
39.9804413
-83.0115223
39.9804353
-83.0115248
39.9803875
-83.0116311
39.9801738
-83.0116994
39.9799587
-83.0117159
39.979716
-83.0116926
39.9795375
-83.0116591
39.979358
-83.0116231
39.9790961
-83.0115798
39.9788439
-83.0115482
39.97858
-83.0114944
39.9783068
-83.0114417
39.9780649
-83.0113888
39.9778887
-83.0113467
39.9776982
-83.0112664
39.9776749
-83.0112301
39.9776194
-83.0111344
39.9776181
-83.0108486
39.9776028
-83.0105459
39.9775767
-83.0102155
39.9775463
-83.0098787
39.9775129
-83.0095634
39.9774806
-83.0092697
39.9774608
-83.0089562
39.9774354
-83.0086412
39.9774218
-83.008345
39.9774117
-83.0080447
39.9773998
-83.0077495
39.9773858
-83.0074538
39.9773739
-83.0071676
39.9773571
-83.0068966
39.9773402
-83.0066292
39.9773259
-83.0063416
39.9773199
-83.0060763
39.9773096
-83.0058298
39.9772857
-83.0055404
39.9773092
-83.0053549
39.977322
-83.0052389
39.9773374
-83.0049683
39.9773329
-83.0047218
39.9773033
-83.0044696
39.9772716
-83.0041772
39.9772521
-83.0039044
39.9771829
-83.0037806
39.9771961
-83.003697
39.9771761
-83.0036346
39.9770243
-83.0035817
39.9768988
-83.0034013
39.9769655
-83.0031101
39.9769747
-83.0028116
39.9769931
-83.0025498
39.977017
-83.0022855
39.9770462
-83.0020369
39.9770746
-83.0017893
39.9771081
-83.0014995
39.9771501
-83.0012078
39.9771694
-83.0009698
39.9771832
-83.0006952
39.977193
-83.0005172
39.9771932
-82.9998658
39.9772041
-82.9997702
39.9772129
-82.9994924
39.9771943
-82.9992301
39.9771993
-82.9989292
39.97717
-82.9986611
39.9771544
-82.9984027
39.9771255
-82.9981402
39.9771249
-82.9981209
39.9771858
-82.9980588
39.9773967
-82.998037
39.9776054
-82.9980211
39.9778225
-82.9979981
39.978032
-82.997972
39.9782545
-82.9979557
39.9784139
-82.9979585
39.9786503
-82.9980039
39.9788971
-82.9980505
39.9791305
-82.9980977
39.9793431
-82.998139
39.9795648
-82.9981819
39.9797749
-82.9982262
39.9799711
-82.9982599
39.9801697
-82.9982944
39.9803813
-82.9983369
39.9803988
-82.9983547
39.9805431
-82.9983901
39.9807523
-82.9984312
39.980974
-82.9984581
39.9812173
-82.9985037
39.9814525
-82.9985513
39.9817018
-82.9985916
39.9819382
-82.9986321
39.9821645
-82.9986766
39.9824121
-82.998729
39.9826475
-82.9987783
39.9828655
-82.9988172
39.9829266
-82.9988363
39.9830538
-82.9990114
39.9830554
-82.9991447
39.9830694
-82.9993802
39.983057
-82.9996858
39.9830521
-82.9998174
39.9828567
-82.999909
39.9826645
-82.9998816
39.9825214
-82.9998923
39.9824868
-83.0000617
39.9824913
-83.0003295
39.982498
-83.0005949
39.9825042
-83.000866
39.982513
-83.0009052
39.9825291
-83.0009939
39.9825431
-83.0013015
39.9825557
-83.0016059
39.9825743
-83.0019424
39.9825856
-83.0021777
39.9826003
-83.0024116
39.9826125
-83.0026547
39.9826223
-83.002899
39.9826321
-83.0031528
39.9826348
-83.0034154
39.9826433
-83.0036621
39.9826573
-83.0039899
39.9826664
-83.0042301
39.9826809
-83.0043976
39.982691
-83.0044446
39.9827316
-83.004564
39.9828954
-83.0046758
39.9829374
-83.0049604
39.9829429
-83.0050659
39.9829544
-83.0054046
39.9829702
-83.0057362
39.9829916
-83.0060775
39.9830106
-83.0064359
39.9830223
-83.0067863
39.9830279
-83.0070222
39.983045
-83.0073563
39.9830567
-83.007687
39.9830637
-83.0080106
39.9830782
-83.0083086
39.9830994
-83.0085737
39.9831442
-83.0088343
39.9831942
-83.0090031
39.9833139
-83.0092364
39.9833575
-83.0093094
39.9834928
-83.0095515
39.9835834
-83.0098122
39.9836345
-83.0100846
39.983644
-83.0103659
39.9836575
-83.0106622
39.9836749
-83.0109621
39.9836955
-83.0112471
39.9837104
-83.011512
39.98372
-83.0118055
39.9837332
-83.0121393
39.9837457
-83.0124742
39.9837536
-83.0127472
39.9837765
-83.0130048
39.9837905
-83.0130358
39.9837775
-83.0129073
39.9837643
-83.0126592
39.9837592
-83.0126264
39.98376
-83.0125658
39.9837591
-83.012276
39.9837549
-83.0119983
39.983726
-83.0116898
39.9837034
-83.0113794
39.9836821
-83.0110648
39.9836651
-83.0107522
39.983643
-83.0104304
39.9836207
-83.0101087
39.9835689
-83.0098279
39.9834833
-83.0095791
39.983364
-83.0093382
39.9832368
-83.0091216
39.9831645
-83.0089699
39.9831067
-83.0087187
39.9830938
-83.008636
39.9830679
-83.0083601
39.9830544
-83.0080622
39.983045
-83.007764
39.9830254
-83.0074721
39.9830098
-83.0071804
39.9830046
-83.0068924
39.9830025
-83.0066147
39.9829883
-83.0063514
39.9829788
-83.006096
39.9829656
-83.00583
39.982946
-83.005584
39.9829354
-83.0052758
39.982914
-83.0050373
39.9829182
-83.0047861
39.982755
-83.0046204
39.9827053
-83.0043945
39.9827033
-83.0042999
39.9826903
-83.0040145
39.9826845
-83.0037558
39.9826849
-83.0035087
39.982663
-83.0032325
39.9826457
-83.0029427
39.9826457
-83.002672
39.9826259
-83.0024238
39.982609
-83.0021557
39.9825909
-83.0018862
39.982569
-83.0016115
39.982553
-83.0014042
39.9825656
-83.0013636
39.9825659
-83.0013078
39.9825624
-83.0010728
39.982554
-83.0007831
39.9825488
-83.000483
39.9825312
-83.0002025
39.9825279
-83.0001134
39.9826336
-82.9998926
39.982783
-82.9998997
39.9828825
-82.999906
39.9830419
-82.9998996
39.9830658
-82.9996098
39.9830734
-82.9993708
39.9830702
-82.9990741
39.983101
-82.9989053
39.9832842
-82.9989129
39.9835094
-82.9989461
39.9837336
-82.9989823
39.9839323
-82.9990249
39.9841461
-82.9990727
39.9843541
-82.9991118
39.9845571
-82.9991504
39.9847727
-82.9992012
39.9849914
-82.999245
39.9852222
-82.9992948
39.9854568
-82.9993395
39.9856886
-82.9993909
39.9859091
-82.9994349
39.9861267
-82.9994761
39.9863124
-82.9995244
39.9863315
-82.9997969
39.9863256
-83.0001049
39.9863225
-83.0003886
39.9863215
-83.0006294
39.9863396
-83.0006748
39.9865166
-83.0007407
39.9867082
-83.0007632
39.9869038
-83.000789
39.986931
-83.0008026
39.9869731
-83.0010765
39.9869928
-83.0013211
39.9870113
-83.0016184
39.9870071
-83.0018863
39.9870223
-83.0021842
39.9870388
-83.0024608
39.9870522
-83.0027611
39.9870611
-83.0030766
39.9870757
-83.0033833
39.9870803
-83.0036869
39.9870961
-83.0039877
39.9871039
-83.0042702
39.9871073
-83.0045535
39.9871227
-83.0048229
39.9871265
-83.0050844
39.987158
-83.0053423
39.9871786
-83.0055863
39.9871926
-83.0058805
39.9872074
-83.0062046
39.9872181
-83.0065308
39.987233
-83.0068591
39.987244
-83.0071519
39.9872444
-83.0073438
39.9872338
-83.007657
39.987242
-83.0077705
39.9872534
-83.0080108
39.9872637
-83.0082494
39.9872692
-83.0084877
39.9872748
-83.0087241
39.9872953
-83.0090586
39.9873065
-83.0093032
39.9873134
-83.0096444
39.9873226
-83.0099628
39.9873335
-83.0102843
39.9873455
-83.010594
39.9873566
-83.0108983
39.987362
-83.0111766
39.9873628
-83.0114612
39.9873766
-83.0117585
39.9873911
-83.0120425
39.9874062
-83.0123082
39.9874362
-83.0125515
39.9874567
-83.0128042
39.9874685
-83.0129645
39.9874144
-83.0129422
39.9873813
-83.012738
39.9873725
-83.0125029
39.9873822
-83.0122572
39.987377
-83.0120128
39.9873729
-83.0117603
39.9873514
-83.0114984
39.9873328
-83.011198
39.9873148
-83.0109297
39.9873107
-83.0106239
39.9873006
-83.0103294
39.9872886
-83.0100102
39.9872737
-83.0096896
39.9872564
-83.0093735
39.9872452
-83.0090488
39.9872258
-83.0087205
39.9872135
-83.00839
39.9871925
-83.0080512
39.9871748
-83.0077341
39.9871685
-83.007439
39.987149
-83.0071371
39.9871304
-83.0068434
39.987121
-83.0065605
39.9871184
-83.0063024
39.9871104
-83.0060659
39.9870993
-83.0057983
39.987092
-83.0057058
39.9871194
-83.0056729
39.9871235
-83.0053571
39.987112
-83.0050369
39.987096
-83.0047035
39.9870917
-83.004393
39.9870594
-83.0040998
39.9870348
-83.003857
39.9870408
-83.0036201
39.9870563
-83.0033471
39.9870397
-83.003057
39.9870182
-83.0027557
39.9869704
-83.0024455
39.9869498
-83.002136
39.98694
-83.0018393
39.986938
-83.0015476
39.9869402
-83.0012694
39.9869336
-83.0010053
39.9869077
-83.0008684
39.9867219
-83.0007881
39.9865073
-83.0007581
39.9864011
-83.0007234
39.9863409
-83.0004984
39.9863427
-83.0004202
39.9863417
-83.0001072
39.9863392
-82.9998267
39.9863214
-82.9996041
39.9864365
-82.9995506
39.9866281
-82.9995757
39.9867398
-82.9995812
39.9867878
-82.9995932
39.9870182
-82.9996039
39.9872432
-82.9995862
39.9874776
-82.9995701
39.9877231
-82.9995573
39.9879757
-82.9995472
39.9882227
-82.9995322
39.9884638
-82.999514
39.9887022
-82.9994962
39.9889329
-82.9994816
39.9891455
-82.9994672
39.9893374
-82.9994565
39.9895279
-82.9994432
39.9897632
-82.9994262
39.989871
-82.9994247
39.9899574
-82.9996502
39.9899582
-82.9997278
39.9899692
-83.0000333
39.9899754
-83.0003021
39.9899819
-83.0005425
39.9899953
-83.0008083
39.9900084
-83.0010649
39.990027
-83.0013006
39.9900337
-83.0015723
39.990012
-83.0016936
39.990131
-83.0019137
39.990221
-83.0021529
39.9902278
-83.0022332
39.9902415
-83.0024718
39.9902514
-83.0027885
39.9902574
-83.0030673
39.9902787
-83.0033509
39.9902956
-83.0036372
39.9903033
-83.003906
39.990305
-83.0041459
39.99031
-83.0044059
39.9903228
-83.0046785
39.9903355
-83.0049731
39.990339
-83.0052516
39.9903203
-83.005515
39.9902849
-83.005754
39.9902614
-83.0059468
39.9902578
-83.0060496
39.9902314
-83.0063601
39.9902328
-83.0066482
39.9902277
-83.0069688
39.990225
-83.0073055
39.9902317
-83.0076509
39.9902495
-83.0079934
39.9902588
-83.0083423
39.9902658
-83.0085828
39.9902728
-83.0088242
39.9902817
-83.0090685
39.990293
-83.0093106
39.9903104
-83.0096393
39.9903202
-83.0099547
39.9903377
-83.0102677
39.990356
-83.0105801
39.990366
-83.0108776
39.9903716
-83.0111727
39.9903799
-83.011478
39.9903966
-83.0117793
39.990408
-83.0120823
39.9904213
-83.0123729
39.9904236
-83.0126405
39.9904266
-83.0127255
39.9904408
-83.012985
39.9904588
-83.013256
39.9904712
-83.0135513
39.9904743
-83.0138623
39.9904772
-83.0141747
39.9904935
-83.014499
39.9905064
-83.0148184
39.9905132
-83.0151289
39.9905219
-83.0154381
39.990533
-83.0157523
39.9905474
-83.0160532
39.9905455
-83.0163136
39.9905438
-83.0163486
39.990487
-83.0164085
39.9902464
-83.0164577
39.9900537
-83.0164688
39.9898605
-83.016479
39.9897372
-83.0165127
39.9895337
-83.0166148
39.9892969
-83.016522
39.989078
-83.0165197
39.9890094
-83.0165225
39.9888148
-83.0165413
39.9886931
-83.0165791
39.9885194
-83.0166572
39.9883018
-83.0165898
39.9880936
-83.0165756
39.9878829
-83.0165931
39.9876942
-83.0166212
39.9877113
-83.0165941
39.9878823
-83.0165937
39.9880659
-83.0165694
39.9882738
-83.0165302
39.9884564
-83.0164228
39.9886539
-83.0164636
39.9887254
-83.0164871
39.988933
-83.0164961
39.9891449
-83.0164815
39.9892731
-83.016459
39.9894342
-83.0163429
39.9896131
-83.0163777
39.9896677
-83.0164175
39.9897275
-83.0164454
39.9899484
-83.0164339
39.9901848
-83.0164206
39.9903806
-83.0164079
39.9904747
-83.0164096
39.9905919
-83.0164157
39.9908074
-83.0164003
39.9910201
-83.016383
39.9912083
-83.016374
39.9914351
-83.0163535
39.9916153
-83.0163331
39.9918268
-83.0163264
39.9920118
-83.0163196
39.9921983
-83.0162481
39.9922682
-83.0162036
39.9924838
-83.0161964
39.9926834
-83.016202
39.9929114
-83.0162083
39.9930223
-83.0161683
39.993197
-83.0161539
39.9931887
-83.0161627
39.9931527
-83.0161792
39.9929212
-83.0162164
39.9927269
-83.0162051
39.9925297
-83.0162136
39.9923682
-83.0162082
39.9922256
-83.0162906
39.9921798
-83.0163183
39.9919619
-83.0163637
39.9917743
-83.016375
39.9915845
-83.0163827
39.9914663
-83.0163883
39.9912778
-83.0164022
39.9910556
-83.0164047
39.9908447
-83.0164069
39.9906531
-83.0164
39.9906441
-83.016372
39.9905909
-83.0162953
39.9905821
-83.0162863
39.990532
-83.0161723
39.9905151
-83.0159161
39.9904967
-83.0156254
39.9904846
-83.0153229
39.9904766
-83.015046
39.9904748
-83.0147897
39.9904692
-83.0145228
39.9904503
-83.0142812
39.9904305
-83.0140356
39.9904092
-83.0137453
39.9904049
-83.0134222
39.9903972
-83.0130986
39.9903911
-83.0127665
39.990376
-83.0124505
39.9903676
-83.0121438
39.9903605
-83.0118507
39.9903402
-83.0115766
39.9903189
-83.0113239
39.9903056
-83.011082
39.9903096
-83.0108037
39.9903096
-83.010498
39.9903066
-83.0101832
39.9902923
-83.0098535
39.9902791
-83.0095325
39.9902739
-83.0092341
39.9902693
-83.0089306
39.9902521
-83.0086312
39.9902345
-83.0083443
39.9902309
-83.0080918
39.990219
-83.0078252
39.9902043
-83.0075677
39.9901972
-83.007299
39.9901914
-83.0070457
39.9901868
-83.0067748
39.99017
-83.0065281
39.9901722
-83.0065246
39.9901723
-83.0063822
39.9901971
-83.0061609
39.9902438
-83.0058978
39.9903002
-83.0056242
39.9903464
-83.005337
39.9903509
-83.0050524
39.9903339
-83.0047814
39.9903176
-83.0045181
39.9903003
-83.00427
39.9902813
-83.0040243
39.9902589
-83.0037882
39.9902464
-83.00349
39.9902345
-83.003238
39.9902236
-83.002982
39.9902273
-83.0027342
39.9902255
-83.0024478
39.9902159
-83.0021935
39.9902087
-83.0020962
39.9902233
-83.0020559
39.9901289
-83.0018801
39.9900514
-83.0016824
39.990052
-83.0015918
39.990034
-83.0012878
39.9900133
-83.0009814
39.989994
-83.0006873
39.98998
-83.0004178
39.9899692
-83.0001681
39.9899538
-82.9999217
39.9899355
-82.999674
39.9899366
-82.9995948
39.9900527
-82.9994283
39.9902091
-82.9994056
39.9903911
-82.999382
39.9906026
-82.9993603
39.9908124
-82.9993428
39.9910393
-82.9993349
39.9912495
-82.9993217
39.9914638
-82.9993063
39.9916804
-82.9992914
39.9918886
-82.9992769
39.9921079
-82.9992616
39.9923354
-82.9992497
39.9925509
-82.9992416
39.9927784
-82.9992256
39.9930025
-82.9992136
39.9932167
-82.9991938
39.9934332
-82.9991752
39.9936497
-82.999164
39.9938478
-82.9991542
39.9940286
-82.9991442
39.9942656
-82.9991324
39.9944912
-82.9991151
39.9946751
-82.999101
39.9948769
-82.9990905
39.9950955
-82.9990721
39.9953265
-82.9990775
39.9955617
-82.9990775
39.9957694
-82.9990575
39.9959609
-82.9990323
39.9961611
-82.9990088
39.9963684
-82.9989979
39.9965779
-82.9989968
39.9967656
-82.9989837
39.9969563
-82.9989531
39.9971612
-82.9989318
39.9972972
-82.9989395
39.9974327
-82.9991245
39.9974622
-82.9993939
39.9974658
-82.9994855
39.9974826
-82.9997451
39.9974972
-83.0
39.9975166
-83.0002962
39.9975314
-83.0006216
39.9975377
-83.0009348
39.9975564
-83.0012223
39.9975739
-83.0015367
39.9975885
-83.00182
39.9976057
-83.0021179
39.9976186
-83.0024122
39.9976327
-83.0027162
39.9976492
-83.0030268
39.9976695
-83.0033297
39.9976862
-83.0036194
39.9976999
-83.0039226
39.9977087
-83.0041876
39.9977245
-83.004483
39.9977461
-83.0047868
39.9977711
-83.0050783
39.9977838
-83.0053642
39.9977959
-83.0056547
39.9978115
-83.0059496
39.9978242
-83.0062348
39.9978402
-83.0064984
39.9978554
-83.0067494
39.9978546
-83.006985
39.9978725
-83.0072397
39.9978909
-83.0074751
39.9979004
-83.0075182
39.9979411
-83.0076006
39.9979425
-83.0076369
39.9977822
-83.0077435
39.997582
-83.0076963
39.9973918
-83.007672
39.9971856
-83.0076409
39.9969792
-83.0076145
39.9967819
-83.0075605
39.9967764
-83.0075464
39.9966581
-83.0074952
39.9964728
-83.0074589
39.9962906
-83.0074076
39.9960813
-83.0073623
39.995865
-83.0073247
39.9956724
-83.0072944
39.9954715
-83.0072445
39.9952717
-83.0071903
39.9950774
-83.0071299
39.9950171
-83.0071074
39.9948243
-83.0070601
39.994629
-83.0070363
39.9944496
-83.0069998
39.9942674
-83.0069214
39.9942097
-83.007011
39.9941971
-83.0072683
39.9942066
-83.007548
39.9942189
-83.0078476
39.994231
-83.0080822
39.9942463
-83.008382
39.9942514
-83.0086608
39.9942687
-83.0089241
39.9942635
-83.0092094
39.9942682
-83.0094874
39.9942953
-83.0096035
39.9942831
-83.0098594
39.9942895
-83.0099306
39.9942998
-83.0102157
39.9943015
-83.0104701
39.9943086
-83.0107712
39.9943209
-83.0110054
39.9943211
-83.0111403
39.9943299
-83.0113825
39.9943354
-83.0116302
39.9943408
-83.0119255
39.9943406
-83.0121983
39.9943658
-83.0124855
39.994399
-83.0127666
39.9944375
-83.0130496
39.9944617
-83.0133286
39.9944599
-83.0135669
39.9944399
-83.0138743
39.9944116
-83.0141549
39.9945142
-83.0143478
39.9946161
-83.0143846
39.9948088
-83.0144434
39.9949813
-83.01452
39.9950864
-83.0145659
39.9952858
-83.0146365
39.9953447
-83.014654
39.9954926
-83.0146844
39.995707
-83.0147433
39.9959119
-83.014773
39.9961181
-83.0147971
39.9963273
-83.0148244
39.996577
-83.0148587
39.9967722
-83.0148899
39.9969515
-83.0149226
39.9972052
-83.0149675
39.9973946
-83.0150059
39.9974457
-83.0150427
39.9972623
-83.0150601
39.9970432
-83.015036
39.9969459
-83.0150288
39.9968645
-83.0150107
39.9966854
-83.0149764
39.996485
-83.0149329
39.9962775
-83.0148759
39.9960624
-83.0148241
39.9958482
-83.0147657
39.9956693
-83.0147227
39.9957083
-83.0147316
39.995628
-83.0147708
39.9955421
-83.0147402
39.9953469
-83.0146997
39.9951443
-83.014646
39.9949452
-83.0145886
39.9947255
-83.014501
39.994509
-83.0144491
39.9944222
-83.0141732
39.9944195
-83.0140886
39.9944155
-83.013853
39.9944097
-83.0136177
39.9944133
-83.0133821
39.9944332
-83.0131372
39.994436
-83.0128812
39.9944376
-83.0126195
39.9944086
-83.012349
39.9943838
-83.0120661
39.9943603
-83.0117855
39.9943329
-83.0114822
39.994305
-83.0112019
39.9942868
-83.0109116
39.994264
-83.0105904
39.9942395
-83.0102758
39.9942253
-83.0099734
39.9942104
-83.0097129
39.9942004
-83.0094626
39.9941954
-83.009196
39.9941832
-83.0088934
39.9941731
-83.0087277
39.994176
-83.0086144
39.9941709
-83.0085623
39.9941595
-83.0082653
39.9941502
-83.007999
39.9941311
-83.0077514
39.9941113
-83.0075096
39.9941035
-83.007335
39.9941059
-83.0071307
39.9941646
-83.0070079
39.9943237
-83.0070129
39.9944387
-83.006982
39.9945247
-83.0070324
39.9946603
-83.0071666
39.9948727
-83.007211
39.9949733
-83.0072264
39.9952555
-83.00727
39.9955682
-83.0073191
39.9958526
-83.0073505
39.9960824
-83.0073742
39.9962806
-83.0073919
39.9964616
-83.007401
39.9966589
-83.0074106
39.9969218
-83.0074518
39.9971561
-83.0074917
39.9973787
-83.0075349
39.9975712
-83.0075586
39.9977601
-83.0075871
39.9978835
-83.0075948
39.9979256
-83.0074372
39.9978566
-83.0072042
39.9978482
-83.0069972
39.9978399
-83.0069442
39.9978443
-83.0068483
39.9978493
-83.0066976
39.997842
-83.0064433
39.9978414
-83.0061677
39.9978253
-83.0058662
39.997808
-83.0055766
39.9977959
-83.0053081
39.9977855
-83.0050469
39.9977679
-83.0047841
39.9977583
-83.0044813
39.9977342
-83.0042334
39.9976724
-83.0040103
39.9976569
-83.0039663
39.9976462
-83.0038856
39.9976729
-83.0036866
39.9976696
-83.0036193
39.9976554
-83.0033084
39.997646
-83.0030532
39.9976273
-83.0028054
39.9976122
-83.0025607
39.9976
-83.0022484
39.9975807
-83.001964
39.9975451
-83.0016952
39.9975503
-83.001489
39.9975573
-83.00133
39.9975628
-83.0010829
39.9975483
-83.0008382
39.9975327
-83.0005901
39.9975098
-83.0003412
39.9975019
-83.0000978
39.9974955
-82.9998481
39.9974851
-82.9995443
39.9974701
-82.9993081
39.9974893
-82.9990518
39.9975534
-82.9989688
39.9977519
-82.9989321
39.9979748
-82.9989015
39.9982106
-82.9988791
39.9984155
-82.9988643
39.99864
-82.9988465
39.9988769
-82.9988317
39.9990912
-82.9988167
39.9992836
-82.9988021
39.9994698
-82.9987911
39.9995315
-82.9988004
39.9996954
-82.9989319
39.9997114
-82.9991135
39.99972
-82.9993478
39.9997291
-82.9996521
39.9997265
-82.9999654
39.9997395
-83.0002031
39.9997579
-83.0004844
39.9997702
-83.0007604
39.9997851
-83.0008568
39.999809
-83.0009888
39.9998216
-83.0012406
39.9998064
-83.0013041
39.9997984
-83.0013698
39.9997997
-83.0016703
39.9998093
-83.0019262
39.9998067
-83.0021795
39.9998167
-83.0024199
39.9998264
-83.0026568
39.9998345
-83.0029149
39.9998406
-83.003167
39.9998588
-83.003417
39.9999014
-83.0036828
39.9999068
-83.0037558
39.9998992
-83.0039305
39.9999161
-83.0041915
39.9999422
-83.0044929
39.9999534
-83.004773
39.9999601
-83.0050687
39.999976
-83.005368
39.9999985
-83.0056371
40.0000223
-83.0059345
40.0000392
-83.0061929
40.0000423
-83.0062526
40.0000499
-83.006524
40.000065
-83.0067892
40.0000657
-83.0068103
40.000085
-83.0068584
40.0000025
-83.0082174
39.9998945
-83.0084429
39.9998782
-83.0085029
39.9998413
-83.0087429
39.9998019
-83.0090002
39.9997628
-83.0092316
39.9997426
-83.0095084
39.9997326
-83.0095693
39.9996762
-83.0097956
39.9997891
-83.0098327
39.999833
-83.0098367
40.0000245
-83.00996
40.0001501
-83.0102158
40.0002254
-83.0104364
40.0002768
-83.0105921
40.0002835
-83.0108317
40.0002771
-83.0110676
40.000268
-83.0113711
40.000254
-83.0115304
40.0002793
-83.0117969
40.0002944
-83.0118823
40.0003533
-83.0121292
40.0003991
-83.0123616
40.0003871
-83.0126656
40.0003861
-83.0129054
40.0003735
-83.013081
40.0003484
-83.0133232
40.0003004
-83.0136262
40.0002517
-83.0138499
40.0002157
-83.0140807
40.0001846
-83.0143544
40.000139
-83.0146045
40.0001144
-83.0146634
39.9999935
-83.0149131
39.9998871
-83.0151078
39.9997786
-83.0152339
39.9996426
-83.0153496
39.9994302
-83.0154542
39.9992319
-83.0154758
39.9990089
-83.0153712
39.9988491
-83.0152175
39.9987159
-83.0150216
39.9986494
-83.0147945
39.9985992
-83.0145402
39.9985842
-83.014289
39.9985808
-83.0140324
39.9985785
-83.0137774
39.9986241
-83.0134949
39.9986605
-83.0131911
39.9986862
-83.0128726
39.9987101
-83.0125785
39.9987234
-83.0122812
39.9987486
-83.012002
39.9988031
-83.0117271
39.9988594
-83.0114691
39.9988972
-83.0111846
39.9989654
-83.0108953
39.9990331
-83.0106488
39.9990643
-83.0105755
39.9991717
-83.0103502
39.9993163
-83.010115
39.9994884
-83.0099757
39.9995706
-83.0099091
39.9996832
-83.009788
39.9997254
-83.0095425
39.9997321
-83.0094803
39.9997659
-83.0091956
39.9997943
-83.0089476
39.9998094
-83.0086534
39.999839
-83.0083994
39.9999248
-83.0082425
39.9999783
-83.0068325
39.9999491
-83.0066554
39.9999223
-83.0063962
39.999899
-83.0061171
39.999878
-83.0058809
39.9998661
-83.0056019
39.999858
-83.0053377
39.9998546
-83.0051876
39.9998399
-83.0049145
39.99982
-83.0046314
39.9998036
-83.0043428
39.9997876
-83.004084
39.9997637
-83.0038485
39.9997693
-83.003783
39.99979
-83.0034942
39.9997863
-83.0034308
39.9997691
-83.0031606
39.9997586
-83.0029239
39.9997755
-83.0026859
39.9997787
-83.0024285
39.999781
-83.0021502
39.9998049
-83.0019391
39.9997749
-83.0017044
39.99969
-83.0014504
39.9996794
-83.0014045
39.9996855
-83.0012621
39.9996887
-83.0010218
39.9996764
-83.0008813
39.9996478
-83.0006093
39.999646
-83.0005519
39.9996312
-83.0003087
39.9995952
-83.0000551
39.9995777
-82.9997603
39.9995722
-82.9994866
39.9995715
-82.9992454
39.9995551
-82.9990002
39.9995377
-82.9988772
39.9996619
-82.9988368
39.9998429
-82.9988119
40.0000441
-82.9987937
40.0002511
-82.9987748
40.0004585
-82.9987519
40.0006515
-82.9987264
40.0008792
-82.9987114
40.001083
-82.9986955
40.0013111
-82.9986739
40.0015504
-82.9986531
40.0017799
-82.998637
40.0020106
-82.998618
40.0022396
-82.9986052
40.0024677
-82.9985861
40.0026869
-82.9985665
40.0028952
-82.9985572
40.0030972
-82.998546
40.0031536
-82.9985577
40.0032752
-82.9987502
40.0032855
-82.998964
40.0033039
-82.9992139
40.0033262
-82.9994887
40.0033361
-82.9997547
40.0033514
-83.0000572
40.0033534
-83.0003078
40.0033629
-83.0005994
40.0033526
-83.0007755
40.003424
-83.0007997
40.0035687
-83.000813
40.0036242
-83.0009135
40.0036795
-83.0011249
40.0037121
-83.0013901
40.0037343
-83.0016424
40.0037449
-83.0018811
40.0037686
-83.0021598
40.0037868
-83.0024684
40.0038071
-83.0027062
40.0038463
-83.0029828
40.003875
-83.0032801
40.0038929
-83.0035158
40.0038996
-83.0037908
40.0039079
-83.0040764
40.0039074
-83.0043657
40.0039155
-83.0046359
40.0039251
-83.0048884
40.0039326
-83.0052074
40.0039553
-83.0054735
40.0039808
-83.0057592
40.0040037
-83.0060764
40.0040299
-83.0063726
40.0040467
-83.0066557
40.0040612
-83.0069615
40.0040696
-83.0072647
40.0040845
-83.0075471
40.0040998
-83.0078097
40.0041109
-83.0080585
40.0041363
-83.0083352
40.0041356
-83.0085634
40.0041424
-83.0087122
40.0041058
-83.0089069
40.0040979
-83.0089026
40.0040265
-83.0088906
40.0039155
-83.0088809
40.0038323
-83.009126
40.0038453
-83.0093214
40.0038578
-83.0096389
40.003869
-83.0099654
40.0038768
-83.0103088
40.0038965
-83.0106439
40.0039187
-83.0109836
40.0039295
-83.0113271
40.0039285
-83.0116353
40.0039402
-83.0119259
40.0039448
-83.0122087
40.0039802
-83.0124495
40.0039391
-83.0127089
40.0039041
-83.0127769
40.0039688
-83.0128622
40.0040736
-83.0129228
40.0042174
-83.0130636
40.0042842
-83.0132949
40.004242
-83.013626
40.0042415
-83.013727
40.0042331
-83.014033
40.0042118
-83.0143866
40.0041806
-83.0146342
40.0041647
-83.0149774
40.0041509
-83.0152872
40.0041435
-83.0155488
40.004273
-83.0156467
40.0044279
-83.0156703
40.0046219
-83.0157093
40.0048299
-83.0156558
40.0050249
-83.0157036
40.0050537
-83.0156818
40.0052296
-83.0155587
40.0052806
-83.0155468
40.0054654
-83.0155346
40.0056608
-83.0155178
40.005866
-83.0154868
40.0060582
-83.0154562
40.0060668
-83.0154579
40.0061723
-83.0153602
40.0061915
-83.0150696
40.0061908
-83.0150119
40.0061934
-83.0149266
40.0063922
-83.0148609
40.0065515
-83.0148169
40.0067659
-83.0147959
40.0068145
-83.0147847
40.0070198
-83.0147863
40.0072305
-83.0147166
40.0072423
-83.0145002
40.0072537
-83.014228
40.0072629
-83.0141729
40.0073391
-83.0140689
40.0075171
-83.0140165
40.0077233
-83.0139765
40.007732
-83.0137938
40.0077264
-83.0137201
40.0077148
-83.0134449
40.0077166
-83.0131811
40.0077158
-83.0128737
40.0076964
-83.0125894
40.0077266
-83.0124838
40.0079336
-83.0124474
40.0080836
-83.0124144
40.0081312
-83.0121709
40.0081278
-83.0119929
40.0081286
-83.0117117
40.0081136
-83.0114313
40.0080982
-83.011175
40.008074
-83.0109082
40.0080682
-83.0106662
40.0080589
-83.0104117
40.0080458
-83.0101636
40.0080195
-83.0099203
40.0080401
-83.0096979
40.0081917
-83.0096481
40.0082981
-83.0096126
40.0083135
-83.0093783
40.0083064
-83.0091054
40.0082998
-83.0088478
40.0082815
-83.0085541
40.0082748
-83.008256
40.0082682
-83.0080118
40.008253
-83.0077315
40.0082457
-83.0074447
40.0082442
-83.0071477
40.0082325
-83.0068418
40.0082167
-83.0066013
40.0082045
-83.0062831
40.008196
-83.0059982
40.0081795
-83.005713
40.0081556
-83.0054252
40.0081346
-83.0051284
40.0081189
-83.0048759
40.0080935
-83.0046268
40.0080841
-83.0043785
40.0080747
-83.0040568
40.0080518
-83.0038129
40.0080264
-83.0035478
40.0080062
-83.003279
40.0079795
-83.0030202
40.0079636
-83.0028762
40.0078629
-83.0028571
40.0077295
-83.0026408
40.007709
-83.0023883
40.007693
-83.0021231
40.0076745
-83.0018528
40.0076474
-83.0015683
40.007625
-83.0013028
40.0076069
-83.0010132
40.0075861
-83.0007633
40.0075418
-83.0006818
40.007469
-83.0006349
40.0072788
-83.0005196
40.0072458
-83.0003043
40.0072375
-83.0000564
40.0072248
-82.9997697
40.0072081
-82.999494
40.0071959
-82.9992264
40.0071877
-82.9989826
40.0071836
-82.9987331
40.0071611
-82.9984901
40.0071319
-82.9983946
40.0071211
-82.9983988
40.007052
-82.9984059
40.006846
-82.9984127
40.0066326
-82.9984052
40.0064135
-82.9984144
40.0062181
-82.9984281
40.0060012
-82.998453
40.0057621
-82.9984659
40.0055758
-82.9984937
40.0053565
-82.998516
40.0051573
-82.9985159
40.0049486
-82.9985376
40.0047352
-82.99856
40.0045401
-82.9985853
40.0043384
-82.9985983
40.0042828
-82.99859
40.0040913
-82.9985814
40.0039102
-82.9985952
40.0036846
-82.9986297
40.0034935
-82.9986473
40.0033948
-82.9986493
40.0034056
-82.998592
40.0036239
-82.9985279
40.0038051
-82.9985062
40.0040058
-82.9984829
40.0042114
-82.9984618
40.0044201
-82.998453
40.0046248
-82.9984372
40.0048328
-82.9984203
40.0050377
-82.9984007
40.0052324
-82.9983853
40.0054243
-82.9983663
40.0056199
-82.998354
40.005844
-82.9983395
40.0060338
-82.9983271
40.0062545
-82.9983148
40.006509
-82.998299
40.0067632
-82.9982788
40.0070106
-82.998265
40.0072406
-82.9982548
40.0074554
-82.9982357
40.0076658
-82.998218
40.0078618
-82.998203
40.008046
-82.9981858
40.0082379
-82.9981751
40.0084223
-82.9981577
40.0086027
-82.9981439
40.0087978
-82.9981265
40.0089948
-82.9981149
40.0092361
-82.9981
40.0094299
-82.9980875
40.0096581
-82.9980593
40.0098833
-82.9980422
40.0100828
-82.9980225
40.0102949
-82.9980029
40.010509
-82.9979927
40.0107304
-82.9979785
40.0109514
-82.9979664
40.0111659
-82.997948
40.0113859
-82.9979286
40.011603
-82.9979093
40.0118014
-82.9978945
40.0120061
-82.9978836
40.0121904
-82.9978669
40.0123948
-82.9978562
40.012612
-82.9978441
40.0128176
-82.9978352
40.0130316
-82.9978153
40.013233
-82.9978018
40.0134322
-82.9977843
40.0136288
-82.997763
40.0138668
-82.9977392
40.0140949
-82.9977293
40.0142843
-82.9977068
40.0144888
-82.9976724
40.0146727
-82.9976787
40.0148672
-82.9976884
40.0148747
-82.9976963
40.0149054
-82.9977388
40.0149237
-82.9977692
40.014967
-82.9977726
40.0150967
-82.9977967
40.0151257
-82.9980394
40.0151565
-82.9982298
40.0151739
-82.9984763
40.0151944
-82.9987009
40.0153589
-82.9987503
40.0155339
-82.9987254
40.0157741
-82.9987206
40.0159691
-82.99872
40.0161916
-82.998694
40.0163791
-82.998683
40.0165854
-82.9986648
40.0167822
-82.9986658
40.0169668
-82.9986558
40.0171353
-82.9986664
40.0172526
-82.9988693
40.0172725
-82.9990279
40.0172905
-82.9992903
40.0173177
-82.999543
40.017321
-82.9997858
40.0173275
-82.9998568
40.017343
-83.000093
40.0173553
-83.0003438
40.0173662
-83.0005827
40.0173803
-83.0008192
40.0173876
-83.0010667
40.0174078
-83.0013221
40.017415
-83.0016116
40.0174041
-83.0018661
40.0173914
-83.0018763
40.0174072
-83.0021149
40.0174262
-83.0023723
40.0174376
-83.0026618
40.0174507
-83.0029556
40.0174609
-83.0032529
40.017473
-83.0035419
40.0174932
-83.0038329
40.0175025
-83.0041428
40.017516
-83.0044388
40.0175331
-83.0047255
40.0175632
-83.0049977
40.0175871
-83.0052554
40.0176071
-83.0055084
40.0176183
-83.0057807
40.0176263
-83.0060656
40.0176238
-83.006361
40.0176118
-83.0064459
40.017442
-83.0065394
40.0172366
-83.0064739
40.0170468
-83.0064469
40.0169764
-83.0066935
40.0169453
-83.0069462
40.0169252
-83.0072015
40.0168312
-83.0074412
40.0166236
-83.0074256
40.0164287
-83.0073762
40.0163845
-83.0073724
40.0162701
-83.0075951
40.0162582
-83.0076733
40.0162222
-83.0079066
40.0161998
-83.0079769
40.0160205
-83.0080494
40.0159737
-83.0080425
40.0158326
-83.0080083
40.0156401
-83.0079421
40.015431
-83.0078958
40.0152475
-83.0078452
40.0151089
-83.0078071
40.015011
-83.007755
40.0148027
-83.0077028
40.0146069
-83.0076668
40.0143857
-83.007591
40.0141764
-83.0075304
40.0139878
-83.0075141
40.013795
-83.007466
40.0136241
-83.0074424
40.0134294
-83.0073524
40.0132682
-83.0072949
40.0133632
-83.007318
40.0134507
-83.0073483
40.0136469
-83.0073991
40.0136958
-83.0074094
40.0137461
-83.0074249
40.0139765
-83.0074764
40.0141878
-83.0075269
40.01424
-83.0075454
40.0144721
-83.0076093
40.014662
-83.0076657
40.0148765
-83.0077142
40.0150954
-83.0077538
40.0152956
-83.0078035
40.0154858
-83.0078682
40.0157067
-83.0079268
40.0159021
-83.0079735
40.0160871
-83.0080079
40.0161294
-83.0081357
40.0160973
-83.0084399
40.0160933
-83.0085136
40.0162161
-83.0087251
40.016322
-83.008764
40.0164588
-83.0088152
40.0165383
-83.0088594
40.0165806
-83.0090924
40.0165749
-83.0091477
40.0165573
-83.009309
40.0165175
-83.0095627
40.0166256
-83.0096078
40.0168032
-83.0096679
40.0169781
-83.0097554
40.0169918
-83.0097995
40.0170146
-83.0100168
40.0169972
-83.0102598
40.0169417
-83.0105215
40.01691
-83.010798
40.0168732
-83.0110736
40.0168324
-83.0113199
40.0168
-83.0113307
40.0167162
-83.0115957
40.0166821
-83.0117445
40.0166386
-83.0120081
40.0165773
-83.0122906
40.0165451
-83.0125492
40.0165155
-83.0128208
40.0164822
-83.0130977
40.0164406
-83.0133794
40.0163982
-83.0136605
40.0163651
-83.0138791
40.0163017
-83.0140763
40.0162856
-83.0143638
40.0162468
-83.0146129
40.0161966
-83.0148609
40.0161582
-83.015008
40.015984
-83.0149846
40.0159322
-83.014977
40.0157657
-83.0149113
40.0157051
-83.0151386
40.015619
-83.0153846
40.0155901
-83.0154835
40.0155634
-83.0156317
40.0155641
-83.0156592
40.0155641
-83.0156592
40.0155641
-83.0156592
40.0155641
-83.0156592
40.015559
-83.0156784
40.0155547
-83.0156853
40.0155702
-83.015764
40.0154909
-83.0158529
40.0152744
-83.0158335
40.0151473
-83.0158265
40.0149654
-83.0158688
40.0147558
-83.0159125
40.0145355
-83.0159419
40.0143101
-83.0159875
40.0141142
-83.0160424
40.0139158
-83.0160859
40.0137177
-83.0161318
40.0135362
-83.016161
40.0133429
-83.0162164
40.0131558
-83.0162816
40.012964
-83.0163126
40.012759
-83.0163634
40.0125609
-83.0164134
40.0123691
-83.0164709
40.0121817
-83.0165348
40.0119847
-83.0166183
40.0118816
-83.0166268
40.0120795
-83.016503
40.012297
-83.0164481
40.0124892
-83.0163884
40.0126794
-83.0163599
40.0128595
-83.0163382
40.0130567
-83.016287
40.013287
-83.0162248
40.0135218
-83.0161568
40.0137608
-83.0160676
40.0139691
-83.0159964
40.0141956
-83.0159403
40.0144065
-83.0158875
40.0146229
-83.015874
40.0148353
-83.0158216
40.0150232
-83.0157788
40.0150835
-83.0157719
40.0152767
-83.0157776
40.0154671
-83.0157795
40.0155098
-83.0157837
40.0155122
-83.0157677
40.0155379
-83.015745
40.015544
-83.0157431
40.0155523
-83.0157113
40.0155528
-83.0157082
40.0155788
-83.0156243
40.0156091
-83.0154684
40.0156657
-83.0152087
40.0157
-83.0150899
40.0159078
-83.0150488
40.0160875
-83.0150957
40.0161217
-83.0150956
40.0161677
-83.01504
40.0162336
-83.0147863
40.0162876
-83.0145255
40.0163111
-83.0144405
40.0163335
-83.0143135
40.016388
-83.0140195
40.016423
-83.0137442
40.0164634
-83.0134697
40.0165068
-83.013193
40.0165502
-83.012924
40.0165867
-83.0126697
40.0166254
-83.0124183
40.0166623
-83.012165
40.0166977
-83.0119126
40.0167393
-83.0116608
40.0167825
-83.0114213
40.0168275
-83.0111856
40.0168768
-83.0108929
40.0169107
-83.0106583
40.0169614
-83.0103656
40.0170142
-83.0100715
40.0170376
-83.0098716
40.0168621
-83.0097528
40.0166753
-83.0097217
40.0165146
-83.0096495
40.0165572
-83.0094224
40.016589
-83.0091706
40.0165604
-83.0090421
40.0163668
-83.0089743
40.0161825
-83.0089287
40.016068
-83.0088109
40.0161015
-83.0085044
40.0161528
-83.0082381
40.0162006
-83.0079625
40.0162385
-83.0077235
40.0162661
-83.007589
40.0164506
-83.0074594
40.0166199
-83.007482
40.0168079
-83.0075021
40.016857
-83.0074428
40.0169004
-83.0072161
40.0169371
-83.0069727
40.0169814
-83.0067109
40.0170246
-83.0064824
40.0172056
-83.0064701
40.0173981
-83.006498
40.0175041
-83.0064847
40.0175508
-83.0062453
40.0175398
-83.0059692
40.0175284
-83.0056648
40.0175227
-83.0054244
40.0175165
-83.0051785
40.0175041
-83.0049333
40.0174747
-83.0046464
40.0174637
-83.0043356
40.0174518
-83.0040854
40.0174406
-83.0038331
40.0174248
-83.0035956
40.0174188
-83.003358
40.017416
-83.0031167
40.017419
-83.0027959
40.0174155
-83.0025447
40.017402
-83.0022402
40.0174037
-83.0020113
40.0173999
-83.0017703
40.0173806
-83.0014549
40.0173626
-83.0011874
40.017346
-83.000906
40.0173331
-83.0006172
40.0173233
-83.0003368
40.0173164
-83.0000743
40.0173061
-82.9998073
40.0172956
-82.9995371
40.0172825
-82.9992833
40.0172788
-82.9990448
40.0172684
-82.9988945
40.0170777
-82.9988171
40.0170212
-82.9988196
40.0169065
-82.9988286
40.0167262
-82.9988585
40.0165317
-82.9988859
40.0163312
-82.9988995
40.0161351
-82.9989189
40.0158957
-82.9989322
40.015714
-82.9989412
40.0154929
-82.9989596
40.0153911
-82.9989641
40.0152072
-82.998926
40.015164
-82.9989188
40.015167
-82.9988471
40.0151551
-82.9985772
40.015153
-82.9982906
40.0151381
-82.9980403
40.0151295
-82.9978698
40.015059
-82.9978158
40.0149106
-82.9977945
40.0146854
-82.9978058
40.0144544
-82.997822
40.0142267
-82.9978337
40.0140266
-82.9978888
40.0139957
-82.9978871
40.0137787
-82.9978646
40.0135524
-82.9978851
40.013344
-82.9979223
40.0131228
-82.9979593
40.0129103
-82.9979625
40.012702
-82.9979823
40.0125092
-82.9980049
40.0122857
-82.998017
40.0121524
-82.9980137
40.0120751
-82.9980116
40.011854
-82.9980307
40.0116625
-82.9980518
40.0114633
-82.9980681
40.0112543
-82.9980926
40.0110681
-82.9981111
40.0109371
-82.9981022
40.0109212
-82.9980492
40.0110017
-82.9980071
40.0112421
-82.9979721
40.0114796
-82.9979543
40.0117029
-82.9979405
40.0119068
-82.9979268
40.0121328
-82.9979078
40.0123745
-82.9978923
40.0126255
-82.9978718
40.0128881
-82.9978497
40.013149
-82.9978304
40.0134036
-82.9978086
40.0136581
-82.9977928
40.013894
-82.9977806
40.0140928
-82.9977656
40.0143061
-82.9977503
40.0144223
-82.9977352
40.0144796
-82.997708
40.0145813
-82.9976815
40.0146478
-82.9976877
40.0148303
-82.9976834
40.0150816
-82.9976304
40.0153431
-82.9975576
40.015589
-82.9974756
40.015846
-82.997453
40.0161118
-82.9974458
40.0163724
-82.9974274
40.0166368
-82.9974088
40.0168924
-82.9973847
40.0171359
-82.9973755
40.0173358
-82.9974787
40.0175692
-82.9974794
40.0177941
-82.9974728
40.0180117
-82.9974642
40.0182414
-82.997448
40.0184634
-82.9974384
40.0186045
-82.9974578
40.0187621
-82.9976238
40.0188153
-82.9977793
40.018813
-82.9981124
40.0188195
-82.9984089
40.0188317
-82.9986187
40.0188922
-82.9988555
40.0210041
-82.998999
40.0207795
-82.9989867
40.0207039
-82.9989976
40.0204886
-82.9990507
40.020295
-82.999112
40.0201054
-82.9991687
40.0198813
-82.9992436
40.0197486
-82.9992863
40.0199325
-82.9991894
40.0199945
-82.9991672
40.020209
-82.9991029
40.020429
-82.9990341
40.020655
-82.9989757
40.0208839
-82.998935
40.0210277
-82.9989402
40.0212117
-82.9990211
40.0213856
-82.999182
40.0215199
-82.9993942
40.0215792
-82.9995403
40.0216162
-82.999594
40.0218374
-82.9996478
40.021892
-82.9996661
40.0219655
-82.9999298
40.0219704
-83.0001956
40.0219765
-83.0004617
40.0219841
-83.0007108
40.0219973
-83.0009814
40.0220107
-83.0012542
40.0220205
-83.0015408
40.0220292
-83.0017238
40.0220363
-83.0018461
40.022033
-83.0021424
40.0220337
-83.0023952
40.0220442
-83.0026469
40.0220591
-83.0029187
40.0220658
-83.0032026
40.0220768
-83.0034748
40.022085
-83.0037309
40.0220921
-83.0039927
40.022108
-83.0042681
40.022121
-83.0044128
40.0221502
-83.0046991
40.0221476
-83.0047789
40.0221202
-83.0050244
40.0221204
-83.0051137
40.022133
-83.0053984
40.0221444
-83.0056753
40.0221602
-83.0059342
40.0221743
-83.0062168
40.0221863
-83.0064993
40.0222064
-83.0067714
40.0222186
-83.0070375
40.022238
-83.0072889
40.0222582
-83.0075413
40.0222692
-83.0075672
40.0223238
-83.0076473
40.0223659
-83.007663
40.0225642
-83.0076454
40.0227888
-83.0076293
40.0230248
-83.007609
40.0232229
-83.0075883
40.0234053
-83.0075772
40.0234475
-83.0075896
40.0233328
-83.0076465
40.0231058
-83.0076574
40.0229243
-83.0076742
40.0227054
-83.0076879
40.0225107
-83.0076996
40.022308
-83.0077602
40.0222765
-83.0080378
40.0222739
-83.0082863
40.0222787
-83.0085636
40.0222912
-83.0088436
40.0223042
-83.0091194
40.0223216
-83.0093868
40.0223323
-83.0096456
40.0223426
-83.0098971
40.0223481
-83.0101432
40.0223636
-83.0104264
40.0223807
-83.0107407
40.0224068
-83.0110441
40.0224264
-83.0113228
40.022444
-83.0115933
40.0224576
-83.0118656
40.0224683
-83.0119528
40.0224757
-83.0122597
40.022473
-83.0124962
40.0224826
-83.012732
40.022489
-83.0129809
40.0225095
-83.013234
40.0224805
-83.013447
40.0222654
-83.0135099
40.022132
-83.0134798
40.0219293
-83.0134234
40.021801
-83.0134048
40.0216419
-83.0135636
40.0216345
-83.0136256
40.0215995
-83.0139016
40.0215576
-83.0141541
40.021518
-83.014388
40.0214794
-83.0146221
40.021462
-83.0146879
40.0212728
-83.0147928
40.0211398
-83.0147671
40.0209403
-83.0147093
40.0207225
-83.0146436
40.0204955
-83.0145685
40.0202735
-83.0145204
40.0200816
-83.0144867
40.0199908
-83.0144661
40.0201036
-83.0144026
40.0201613
-83.0144232
40.0203737
-83.014483
40.0205966
-83.0145442
40.0208327
-83.0145965
40.0210622
-83.0146466
40.0212671
-83.0146941
40.0213755
-83.0147007
40.0214949
-83.0144845
40.0215259
-83.0142112
40.0215683
-83.0139655
40.0216167
-83.0137082
40.0216663
-83.0134853
40.021691
-83.0133795
40.021824
-83.013295
40.0220153
-83.0133192
40.0222373
-83.0133663
40.0223779
-83.0133929
40.0225288
-83.0132208
40.0225222
-83.0130662
40.0225052
-83.0128148
40.0224993
-83.0125701
40.0224829
-83.0122637
40.0224714
-83.0120265
40.0224478
-83.011731
40.0224307
-83.0114441
40.0224289
-83.0111553
40.0224189
-83.0108677
40.0224123
-83.0106318
40.0223979
-83.0103282
40.0223935
-83.0100313
40.0223806
-83.0097451
40.0223728
-83.0094608
40.0223675
-83.0091799
40.0223501
-83.0088878
40.0223366
-83.0085938
40.022319
-83.0082964
40.0223089
-83.0080188
40.0222978
-83.0078006
40.0222963
-83.0076854
40.022291
-83.0074198
40.02229
-83.0071113
40.0222695
-83.0068012
40.0222549
-83.0065577
40.022248
-83.0063199
40.0222364
-83.0060829
40.0222233
-83.0057833
40.0222122
-83.0055476
40.022192
-83.0052393
40.022171
-83.0049341
40.0221489
-83.0046303
40.0221397
-83.0043921
40.0221279
-83.0041578
40.0221125
-83.0038724
40.0220975
-83.0035879
40.0220945
-83.0033361
40.022084
-83.0030399
40.0220708
-83.0027653
40.0220654
-83.0024991
40.0220527
-83.0022117
40.0220531
-83.0019482
40.022046
-83.0018879
40.0220389
-83.0017568
40.0220335
-83.0014502
40.0220274
-83.0011789
40.0220198
-83.0009106
40.0219989
-83.0006535
40.0219854
-83.0003882
40.0219773
-83.0001047
40.0219782
-82.9998406
40.0219688
-82.9997648
40.0217721
-82.9996554
40.0215896
-82.999599
40.0215231
-82.9994429
40.021387
-82.9992311
40.0212276
-82.9990735
