1101110110100110001101111
1011000101100111101101101
1010101010011111010010101
0101101000001000110011110
1011101011110010111011111
1110101100000011001100001
0100000111000011101011101
0110001100101111000000000
0001010110000110110011000
0011100110101000100001110
1010110010011101010000001
0010000101010110111100001
1011001011101000101001001
1111110000011101101011111
0001101010000011111110000
1001101100000111000111011
1100101001001111111110001
1110000011100101100001000
0101010100100100101011101
1000011010001000111100100
1111110010010110110100001
0011011101101100111101111
0111000010011010011001000
1100010101010011001001101
1111110111010001111001101
